0,0,0,0,0,0,0,0,0,2,2,2,2,2,2,2,0,0,0,0,0,0,0,0,0
0,0,0,0,0,0,2,2,3,4,5,6,7,6,5,4,3,2,2,0,0,0,0,0,0
0,0,0,0,0,2,3,6,9,14,20,25,27,25,20,14,9,6,3,2,0,0,0,0,0
0,0,0,0,2,4,9,17,32,51,72,88,94,88,72,51,32,17,9,4,2,0,0,0,0
0,0,0,2,5,11,26,55,100,161,226,276,295,276,226,161,100,55,26,11,5,2,0,0,0
0,0,2,4,11,30,72,150,276,444,622,763,816,763,622,444,276,150,72,30,11,4,2,0,0
0,2,3,9,26,72,172,362,666,1071,1503,1842,1971,1842,1503,1071,666,362,172,72,26,9,3,2,0
0,2,6,17,55,150,362,763,1405,2257,3168,3882,4155,3882,3168,2257,1405,763,362,150,55,17,6,2,0
0,3,9,32,100,276,666,1405,2585,4155,5832,7148,7649,7148,5832,4155,2585,1405,666,276,100,32,9,3,0
2,4,14,51,161,444,1071,2257,4155,6679,9375,11489,12295,11489,9375,6679,4155,2257,1071,444,161,51,14,4,2
2,5,20,72,226,622,1503,3168,5832,9375,13158,16126,17257,16126,13158,9375,5832,3168,1503,622,226,72,20,5,2
2,6,25,88,276,763,1842,3882,7148,11489,16126,19763,21150,19763,16126,11489,7148,3882,1842,763,276,88,25,6,2
2,7,27,94,295,816,1971,4155,7649,12295,17257,21150,22634,21150,17257,12295,7649,4155,1971,816,295,94,27,7,2
2,6,25,88,276,763,1842,3882,7148,11489,16126,19763,21150,19763,16126,11489,7148,3882,1842,763,276,88,25,6,2
2,5,20,72,226,622,1503,3168,5832,9375,13158,16126,17257,16126,13158,9375,5832,3168,1503,622,226,72,20,5,2
2,4,14,51,161,444,1071,2257,4155,6679,9375,11489,12295,11489,9375,6679,4155,2257,1071,444,161,51,14,4,2
0,3,9,32,100,276,666,1405,2585,4155,5832,7148,7649,7148,5832,4155,2585,1405,666,276,100,32,9,3,0
0,2,6,17,55,150,362,763,1405,2257,3168,3882,4155,3882,3168,2257,1405,763,362,150,55,17,6,2,0
0,2,3,9,26,72,172,362,666,1071,1503,1842,1971,1842,1503,1071,666,362,172,72,26,9,3,2,0
0,0,2,4,11,30,72,150,276,444,622,763,816,763,622,444,276,150,72,30,11,4,2,0,0
0,0,0,2,5,11,26,55,100,161,226,276,295,276,226,161,100,55,26,11,5,2,0,0,0
0,0,0,0,2,4,9,17,32,51,72,88,94,88,72,51,32,17,9,4,2,0,0,0,0
0,0,0,0,0,2,3,6,9,14,20,25,27,25,20,14,9,6,3,2,0,0,0,0,0
0,0,0,0,0,0,2,2,3,4,5,6,7,6,5,4,3,2,2,0,0,0,0,0,0
0,0,0,0,0,0,0,0,0,2,2,2,2,2,2,2,0,0,0,0,0,0,0,0,0